6.71e+22
6.34e+22
6.06e+22
5.78e+22
5.47e+22
5.2e+22
4.93e+22
4.67e+22
4.4e+22
4.15e+22
3.9e+22
3.62e+22
3.33e+22
3.06e+22
2.82e+22
2.61e+22
2.47e+22
2.4e+22
2.35e+22
2.31e+22
2.27e+22
2.24e+22
2.21e+22
2.19e+22
2.11e+22
2.01e+22
1.95e+22
1.91e+22
1.85e+22
1.81e+22
1.76e+22
1.72e+22
1.68e+22
1.63e+22
1.56e+22
1.49e+22
1.43e+22
1.37e+22
1.31e+22
1.24e+22
1.18e+22
1.13e+22
1.07e+22
1.01e+22
9.49e+21
9e+21
8.53e+21
8e+21
7.41e+21
6.82e+21
6.25e+21
5.67e+21
5.09e+21
4.54e+21
4.08e+21
3.74e+21
3.5e+21
3.27e+21
3.05e+21
2.87e+21
2.7e+21
2.5e+21
2.27e+21
2.05e+21
1.86e+21
1.66e+21
1.46e+21
1.3e+21
1.21e+21
1.15e+21
1.11e+21
1.09e+21
1.05e+21
1.02e+21
9.9e+20
9.67e+20
9.51e+20
9.35e+20
9.19e+20
9.01e+20
8.8e+20
8.57e+20
8.33e+20
8.08e+20
7.83e+20
7.64e+20
7.47e+20
7.29e+20
7.06e+20
6.74e+20
6.29e+20
5.82e+20
5.37e+20
4.92e+20
4.51e+20
4.11e+20
3.71e+20
3.3e+20
2.89e+20
2.5e+20
2.09e+20
1.84e+20
1.66e+20
1.43e+20
1.22e+20
1.02e+20
8.35e+19
7.07e+19
6.17e+19
5.46e+19
4.89e+19
4.47e+19
4.2e+19
4e+19
3.81e+19
3.65e+19
3.49e+19
3.33e+19
3.19e+19
3.05e+19
2.92e+19
2.79e+19
2.67e+19
2.55e+19
2.43e+19
2.32e+19
2.21e+19
2.12e+19
2.03e+19
1.94e+19
1.86e+19
1.78e+19
1.69e+19
1.61e+19
1.54e+19
1.47e+19
1.41e+19
1.35e+19
1.29e+19
1.24e+19
1.2e+19
1.15e+19
1.11e+19
1.07e+19
1.04e+19
1.01e+19
9.78e+18
9.52e+18
9.29e+18
9.08e+18
8.87e+18
8.67e+18
8.5e+18
8.34e+18
8.19e+18
8.02e+18
7.84e+18
7.65e+18
7.47e+18
7.29e+18
7.11e+18
6.94e+18
6.77e+18
6.61e+18
6.47e+18
6.34e+18
6.21e+18
6.08e+18
5.96e+18
5.83e+18
5.73e+18
5.64e+18
5.55e+18
5.45e+18
5.36e+18
5.27e+18
5.18e+18
5.07e+18
4.97e+18
4.86e+18
4.76e+18
4.67e+18
4.58e+18
4.51e+18
4.43e+18
4.36e+18
4.3e+18
4.24e+18
4.18e+18
4.12e+18
4.06e+18
3.98e+18
3.92e+18
3.85e+18
3.79e+18
3.72e+18
3.66e+18
3.58e+18
3.52e+18
3.45e+18
3.39e+18
3.33e+18
3.27e+18
3.21e+18
3.15e+18
3.1e+18
3.04e+18
2.98e+18
2.92e+18
2.88e+18
2.83e+18
2.77e+18
2.7e+18
2.65e+18
2.6e+18
2.58e+18
2.51e+18
2.47e+18
2.42e+18
2.37e+18
2.33e+18
2.28112
2.23e+18
2.19e+18
2.14e+18
2.1e+18
2.06e+18
2.02e+18
1.98e+18
1.95e+18
1.91e+18
1.88e+18
1.84e+18
1.8e+18
1.77e+18
1.73e+18
1.69e+18
1.66e+18
1.62e+18
1.59e+18
1.56e+18
1.53e+18
1.5e+18
1.47e+18
1.44e+18
1.41e+18
1.38e+18
1.35e+18
1.32e+18
1.29e+18
1.26e+18
1.23e+18
1.2e+18
1.18e+18
1.16e+18
1.13e+18
1.11e+18
1.09e+18
1.07e+18
1.05e+18
1.03e+18
1.01e+18
9.82e+17
9.6e+17
9.37e+17
9.17e+17
8.98e+17
8.79e+17
8.6e+17
8.42e+17
8.24e+17
8.05e+17
7.87e+17
7.69e+17
7.51e+17
7.34e+17
7.17e+17
7e+17
6.83e+17
6.67e+17
6.51e+17
6.36e+17
6.22e+17
6.08e+17
5.93e+17
5.79e+17
5.64e+17
5.5e+17
5.36e+17
5.22e+17
5.09e+17
0
3.5e+21
3.27e+21
3.05e+21
2.87e+21
2.7e+21
2.5e+21
2.27e+21
2.05e+21
1.86e+21
1.66e+21
1.46e+21
1.3e+21
1.21e+21
1.15e+21
1.11e+21
1.09e+21
1.05e+21
1.02e+21
9.9e+20
9.67e+20
9.51e+20
9.35e+20
9.19e+20
9.01e+20
8.8e+20
8.57e+20
8.33e+20
8.08e+20
7.83e+20
7.64e+20
7.47e+20
7.29e+20
7.06e+20
6.74e+20
6.29e+20
5.82e+20
5.37e+20
4.92e+20
4.51e+20
4.11e+20
3.71e+20
3.3e+20
2.89e+20
2.5e+20
2.09e+20
1.84e+20
1.66e+20
1.43e+20
1.22e+20
1.02e+20
8.35e+19
7.07e+19
6.17e+19
5.46e+19
4.89e+19
4.47e+19
4.2e+19
4e+19
3.81e+19
3.65e+19
3.49e+19
3.33e+19
3.19e+19
3.05e+19
2.92e+19
2.79e+19
2.67e+19
2.55e+19
2.43e+19
2.32e+19
2.21e+19
2.12e+19
2.03e+19
1.94e+19
1.86e+19
1.78e+19
1.69e+19
1.61e+19
1.54e+19
1.47e+19
1.41e+19
1.35e+19
1.29e+19
1.24e+19
1.2e+19
1.15e+19
1.11e+19
1.07e+19
1.04e+19
1.01e+19
9.78e+18
9.52e+18
9.29e+18
9.08e+18
8.87e+18
8.67e+18
8.5e+18
8.34e+18
8.19e+18
8.02e+18
7.84e+18
7.65e+18
7.47e+18
7.29e+18
7.11e+18
6.94e+18
6.77e+18
6.61e+18
6.47e+18
6.34e+18
6.21e+18
6.08e+18
5.96e+18
5.83e+18
5.73e+18
5.64e+18
5.55e+18
5.45e+18
5.36e+18
5.27e+18
5.18e+18
5.07e+18
4.97e+18
4.86e+18
4.76e+18
4.67e+18
4.58e+18
4.51e+18
4.43e+18
4.36e+18
4.3e+18
4.24e+18
4.18e+18
4.12e+18
4.06e+18
3.98e+18
3.92e+18
3.85e+18
3.79e+18
3.72e+18
3.66e+18
3.58e+18
3.52e+18
3.45e+18
3.39e+18
3.33e+18
3.27e+18
3.21e+18
3.15e+18
3.1e+18
3.04e+18
2.98e+18
2.92e+18
2.88e+18
2.83e+18
2.77e+18
2.7e+18
2.65e+18
2.6e+18
2.58e+18
2.51e+18
2.47e+18
2.42e+18
2.37e+18
2.33e+18
2.28112
2.23e+18
2.19e+18
2.14e+18
2.1e+18
2.06e+18
2.02e+18
1.98e+18
1.95e+18
1.91e+18
1.88e+18
1.84e+18
1.8e+18
1.77e+18
1.73e+18
1.69e+18
1.66e+18
1.62e+18
1.59e+18
1.56e+18
1.53e+18
1.5e+18
1.47e+18
1.44e+18
1.41e+18
1.38e+18
1.35e+18
1.32e+18
1.29e+18
1.26e+18
1.23e+18
1.2e+18
1.18e+18
1.16e+18
1.13e+18
1.11e+18
1.09e+18
1.07e+18
1.05e+18
1.03e+18
1.01e+18
9.82e+17
9.6e+17
9.37e+17
9.17e+17
8.98e+17
8.79e+17
8.6e+17
8.42e+17
8.24e+17
8.05e+17
7.87e+17
7.69e+17
7.51e+17
7.34e+17
7.17e+17
7e+17
6.83e+17
6.67e+17
6.51e+17
6.36e+17
6.22e+17
6.08e+17
5.93e+17
5.79e+17
5.64e+17
5.5e+17
5.36e+17
5.22e+17
5.09e+17
0
0
0
0
0
0
0
0
0
0
0
0
0
0
0
0
0
0
0
0
0
0
0
0
0
0
0
0
0
0
0
0
0
0
0
0
0
0
0
0
0
0
0
0
0
0
0
0
0
0
0
0
0
0
0
0
0
