0	7.41E+22
0.1	6.71E+22
0.2	6.34E+22
0.3	6.06E+22
0.4	5.78E+22
0.5	5.47E+22
0.6	5.20E+22
0.7	4.93E+22
0.8	4.67E+22
0.9	4.40E+22
1	4.15E+22
1.1	3.90E+22
1.2	3.62E+22
1.3	3.33E+22
1.4	3.06E+22
1.5	2.82E+22
1.6	2.61E+22
1.7	2.47E+22
1.8	2.40E+22
1.9	2.35E+22
2	2.31E+22
2.1	2.27E+22
2.2	2.24E+22
2.3	2.21E+22
2.4	2.19E+22
2.5	2.11E+22
2.6	2.01E+22
2.7	1.95E+22
2.8	1.91E+22
2.9	1.85E+22
3	1.81E+22
3.1	1.76E+22
3.2	1.72E+22
3.3	1.68E+22
3.4	1.63E+22
3.5	1.56E+22
3.6	1.49E+22
3.7	1.43E+22
3.8	1.37E+22
3.9	1.31E+22
4	1.24E+22
4.1	1.18E+22
4.2	1.13E+22
4.3	1.07E+22
4.4	1.01E+22
4.5	9.49E+21
4.6	9.00E+21
4.7	8.53E+21
4.8	8.00E+21
4.9	7.41E+21
5	6.82E+21
5.1	6.25E+21
5.2	5.67E+21
5.3	5.09E+21
5.4	4.54E+21
5.5	4.08E+21
5.6	3.74E+21
5.7	3.50E+21
5.8	3.27E+21
5.9	3.05E+21
6	2.87E+21
6.1	2.70E+21
6.2	2.50E+21
6.3	2.27E+21
6.4	2.05E+21
6.5	1.86E+21
6.6	1.66E+21
6.7	1.46E+21
6.8	1.30E+21
6.9	1.21E+21
7	1.15E+21
7.1	l.ll8E21
7.2	1.09E+21
7.3	1.05E+21
7.4	1.02E+21
7.5	9.90E+20
7.6	9.67E+20
7.7	9.51E+20
7.8	9.35E+20
7.9	9.19E+20
8	9.01E+20
8.1	8.80E+20
8.2	8.57E+20
8.3	8.33E+20
8.4	8.08E+20
8.5	7.83E+20
8.6	7.64E+20
8.7	7.47E+20
8.8	7.29E+20
8.9	7.06E+20
9	6.74E+20
9.1	6.29E+20
9.2	5.82E+20
9.3	5.37E+20
9.4	4.92E+20
9.5	4.51E+20
9.6	4.11E+20
9.7	3.71E+20
9.8	3.30E+20
9.9	2.89E+20
10	2.50E+20
10.1	2.09E+20
10.2	1.84E+20
10.3	1.66E+20
10.4	1.43E+20
10.5	1.22E+20
10.6	1.02E+20
10.7	8.35E+19
10.8	7.07E+19
10.9	6.17E+19
11	5.46E+19
11.1	4.89E+19
11.2	4.47E+19
11.3	4.20E+19
11.4	4.00E+19
11.5	3.81E+19
11.6	3.65E+19
11.7	3.49E+19
11.8	3.33E+19
11.9	3.19E+19
12	3.05E+19
12.1	2.92E+19
12.2	2.79E+19
12.3	2.67E+19
12.4	2.55E+19
12.5	2.43E+19
12.6	2.32E+19
12.7	2.21E+19
12.8	2.12E+19
12.9	2.03E+19
13	1.94E+19
13.1	1.86E+19
13.2	1.78E+19
13.3	1.69E+19
13.4	1.61E+19
13.5	1.54E+19
13.6	1.47E+19
13.7	1.41E+19
13.8	1.35E+19
13.9	1.29E+19
14	1.24E+19
14.1	1.20E+19
14.2	1.15E+19
14.3	l.llOE19
14.4	1.07E+19
14.5	1.04E+19
14.6	1.01E+19
14.7	9.78E+18
14.8	9.52E+18
14.9	9.29E+18
15	9.08E+18
15.1	8.87E+18
15.2	8.67E+18
15.3	8.50E+18
15.4	8.34E+18
15.5	8.19E+18
15.6	8.02E+18
15.7	7.84E+18
15.8	7.65E+18
15.9	7.47E+18
16	7.29E+18
16.1	7.11E+18
16.2	6.94E+18
16.3	6.77E+18
16.4	6.61E+18
16.5	6.47E+18
16.6	6.34E+18
16.7	6.21E+18
16.8	6.08E+18
16.9	5.96E+18
17	5.83E+18
17.1	5.73E+18
17.2	5.64E+18
17.3	5.55E+18
17.4	5.45E+18
17.5	5.36E+18
17.6	5.27E+18
17.7	5.18E+18
17.8	5.07E+18
17.9	4.97E+18
18	4.86E+18
18.1	4.76E+18
18.2	4.67E+18
18.3	4.58E+18
18.4	4.51E+18
18.5	4.43E+18
18.6	4.36E+18
18.7	4.30E+18
18.8	4.24E+18
18.9	4.18E+18
19	4.123El8
19.1	4.06E+18
19.2	3.98E+18
19.3	3.92E+18
19.4	3.85E+18
19.5	3.79E+18
19.6	3.72E+18
19.7	3.66E+18
19.8	3.58E+18
19.8	3.52E+18
20	3.45E+18
20.1	3.39E+18
20.2	3.33E+18
20.3	3.27E+18
20.4	3.21E+18
20.5	3.15E+18
20.6	3.10E+18
20.7	3.04E+18
20.8	2.98E+18
20.9	2.92E+18
21	2.88E+18
21.1	2.83E+18
21.2	2.77E+18
21.3	2.70E+18
21.4	2.65E+18
21.5	2.60E+18
21.6	2.58E+18
21.7	2.51E+18
21.8	2.47E+18
21.9	2.42E+18
22	2.37E+18
22.1	2.33E+18
22.2	2.281118
22.3	2.23E+18
22.4	2.19E+18
22.5	2.14E+18
22.6	2.10E+18
22.7	2.06E+18
22.8	2.02E+18
22.9	1.98E+18
23	1.95E+18
23.1	1.91E+18
23.2	1.88E+18
23.3	1.84E+18
23.4	1.80E+18
23.5	1.77E+18
23.6	1.73E+18
23.7	1.69E+18
23.8	1.66E+18
23.9	1.62E+18
24	1.59E+18
24.1	1.56E+18
24.2	1.53E+18
24.3	1.50E+18
24.4	1.47E+18
24.5	1.44E+18
24.6	1.41E+18
24.7	1.38E+18
24.8	1.35E+18
24.9	1.32E+18
25	1.29E+18
25.1	1.26E+18
25.2	1.23E+18
25.3	1.20E+18
25.4	1.18E+18
25.5	1.16E+18
25.6	1.13E+18
25.7	1.11E+18
25.8	1.09E+18
25.9	1.07E+18
26	1.05E+18
26.1	1.03E+18
26.2	1.01E+18
26.3	9.82E+17
26.4	9.60E+17
26.5	9.37E+17
26.6	9.17E+17
26.7	8.98E+17
26.8	8.79E+17
26.9	8.60E+17
27	8.42E+17
27.1	8.24E+17
27.2	8.05E+17
27.3	7.87E+17
27.4	7.69E+17
27.5	7.51E+17
27.6	7.34E+17
27.7	7.17E+17
27.8	7.00E+17
27.9	6.83E+17
28	6.67E+17
28.1	6.51E+17
28.2	6.36E+17
28.3	6.22E+17
28.4	6.08E+17
28.5	5.93E+17
28.6	5.79E+17
28.7	5.64E+17
28.8	5.50E+17
28.9	5.36E+17
29	5.22E+17
29.1	5.09E+17
